0 795 660 573 282 173 444 624 874 284 531 237
795 0 718 238 940 689 702 207 109 739 501 1022
660 718 0 535 546 491 961 531 711 860 893 748
573 238 535 0 701 454 585 56 302 573 430 792
282 940 546 701 0 262 725 741 995 566 790 216
173 689 491 454 262 0 526 499 754 391 546 345
444 702 961 585 725 526 0 638 809 165 215 640
624 207 531 56 741 499 638 0 255 629 476 840
874 109 711 302 995 754 809 255 0 838 609 1094
284 739 860 573 566 391 165 629 838 0 319 475
531 501 893 430 790 546 215 476 609 319 0 760
237 1022 748 792 216 345 640 840 1094 475 760 0
