0 195 259 447 443 371 653 49 133 96 592 182
195 0 113 289 436 182 720 227 227 100 786 15
259 113 0 189 547 134 652 273 227 179 841 125
447 289 189 0 698 147 683 456 390 368 1018 304
443 436 547 698 0 555 1095 489 570 424 797 426
371 182 134 147 555 0 762 394 360 279 962 198
653 720 652 683 1095 762 0 608 527 684 823 721
49 227 273 456 489 394 608 0 101 132 569 216
133 227 227 390 570 360 527 101 0 161 629 221
96 100 179 368 424 279 684 132 161 0 687 86
592 786 841 1018 797 962 823 569 629 687 0 773
182 15 125 304 426 198 721 216 221 86 773 0
